{
 "cells": [
  {
   "cell_type": "code",
   "execution_count": 2,
   "metadata": {},
   "outputs": [
    {
     "name": "stderr",
     "output_type": "stream",
     "text": [
      "C:\\Users\\Jazreel\\Anaconda3\\lib\\site-packages\\statsmodels\\tools\\_testing.py:19: FutureWarning: pandas.util.testing is deprecated. Use the functions in the public API at pandas.testing instead.\n",
      "  import pandas.util.testing as tm\n"
     ]
    }
   ],
   "source": [
    "import numpy as np\n",
    "import pandas as pd\n",
    "import scipy.optimize as sco\n",
    "import matplotlib.pyplot as plt\n",
    "import seaborn as sns"
   ]
  },
  {
   "cell_type": "code",
   "execution_count": 3,
   "metadata": {},
   "outputs": [
    {
     "data": {
      "text/html": [
       "<div>\n",
       "<style scoped>\n",
       "    .dataframe tbody tr th:only-of-type {\n",
       "        vertical-align: middle;\n",
       "    }\n",
       "\n",
       "    .dataframe tbody tr th {\n",
       "        vertical-align: top;\n",
       "    }\n",
       "\n",
       "    .dataframe thead th {\n",
       "        text-align: right;\n",
       "    }\n",
       "</style>\n",
       "<table border=\"1\" class=\"dataframe\">\n",
       "  <thead>\n",
       "    <tr style=\"text-align: right;\">\n",
       "      <th></th>\n",
       "      <th>d/m/yyyy</th>\n",
       "      <th>ACN</th>\n",
       "      <th>DIS</th>\n",
       "      <th>COST</th>\n",
       "      <th>INTC</th>\n",
       "      <th>JPM</th>\n",
       "      <th>V</th>\n",
       "      <th>XOM</th>\n",
       "      <th>JNJ</th>\n",
       "      <th>BSX</th>\n",
       "      <th>CPB</th>\n",
       "    </tr>\n",
       "  </thead>\n",
       "  <tbody>\n",
       "    <tr>\n",
       "      <th>0</th>\n",
       "      <td>2020-01-01</td>\n",
       "      <td>208.34000</td>\n",
       "      <td>138.309998</td>\n",
       "      <td>313.26000</td>\n",
       "      <td>60.55000</td>\n",
       "      <td>135.96710</td>\n",
       "      <td>207.90000</td>\n",
       "      <td>67.58000</td>\n",
       "      <td>148.869995</td>\n",
       "      <td>44.07</td>\n",
       "      <td>48.20964</td>\n",
       "    </tr>\n",
       "    <tr>\n",
       "      <th>1</th>\n",
       "      <td>2019-01-12</td>\n",
       "      <td>209.75910</td>\n",
       "      <td>143.768646</td>\n",
       "      <td>293.92000</td>\n",
       "      <td>59.85000</td>\n",
       "      <td>138.51080</td>\n",
       "      <td>207.29000</td>\n",
       "      <td>69.78000</td>\n",
       "      <td>145.869995</td>\n",
       "      <td>45.22</td>\n",
       "      <td>49.06343</td>\n",
       "    </tr>\n",
       "    <tr>\n",
       "      <th>2</th>\n",
       "      <td>2019-01-11</td>\n",
       "      <td>200.38530</td>\n",
       "      <td>150.677261</td>\n",
       "      <td>299.81000</td>\n",
       "      <td>57.73226</td>\n",
       "      <td>130.91950</td>\n",
       "      <td>187.90000</td>\n",
       "      <td>67.31815</td>\n",
       "      <td>136.543991</td>\n",
       "      <td>43.25</td>\n",
       "      <td>46.23400</td>\n",
       "    </tr>\n",
       "    <tr>\n",
       "      <th>3</th>\n",
       "      <td>2019-01-10</td>\n",
       "      <td>183.91570</td>\n",
       "      <td>129.146255</td>\n",
       "      <td>296.46590</td>\n",
       "      <td>56.22058</td>\n",
       "      <td>123.13670</td>\n",
       "      <td>184.20150</td>\n",
       "      <td>66.76482</td>\n",
       "      <td>131.131485</td>\n",
       "      <td>41.70</td>\n",
       "      <td>46.39054</td>\n",
       "    </tr>\n",
       "    <tr>\n",
       "      <th>4</th>\n",
       "      <td>2019-01-09</td>\n",
       "      <td>190.78950</td>\n",
       "      <td>129.543869</td>\n",
       "      <td>287.48540</td>\n",
       "      <td>51.24795</td>\n",
       "      <td>116.00990</td>\n",
       "      <td>175.86540</td>\n",
       "      <td>69.76860</td>\n",
       "      <td>128.489792</td>\n",
       "      <td>40.69</td>\n",
       "      <td>46.23288</td>\n",
       "    </tr>\n",
       "    <tr>\n",
       "      <th>...</th>\n",
       "      <td>...</td>\n",
       "      <td>...</td>\n",
       "      <td>...</td>\n",
       "      <td>...</td>\n",
       "      <td>...</td>\n",
       "      <td>...</td>\n",
       "      <td>...</td>\n",
       "      <td>...</td>\n",
       "      <td>...</td>\n",
       "      <td>...</td>\n",
       "      <td>...</td>\n",
       "    </tr>\n",
       "    <tr>\n",
       "      <th>116</th>\n",
       "      <td>2010-01-05</td>\n",
       "      <td>30.47308</td>\n",
       "      <td>29.109810</td>\n",
       "      <td>45.35439</td>\n",
       "      <td>15.84870</td>\n",
       "      <td>30.77780</td>\n",
       "      <td>14.75188</td>\n",
       "      <td>44.04658</td>\n",
       "      <td>43.463390</td>\n",
       "      <td>6.05</td>\n",
       "      <td>26.55361</td>\n",
       "    </tr>\n",
       "    <tr>\n",
       "      <th>117</th>\n",
       "      <td>2010-01-04</td>\n",
       "      <td>35.13525</td>\n",
       "      <td>32.088741</td>\n",
       "      <td>46.00065</td>\n",
       "      <td>16.89936</td>\n",
       "      <td>33.07363</td>\n",
       "      <td>15.01866</td>\n",
       "      <td>49.37209</td>\n",
       "      <td>47.936466</td>\n",
       "      <td>6.88</td>\n",
       "      <td>26.59069</td>\n",
       "    </tr>\n",
       "    <tr>\n",
       "      <th>118</th>\n",
       "      <td>2010-01-03</td>\n",
       "      <td>33.77461</td>\n",
       "      <td>30.407646</td>\n",
       "      <td>46.49117</td>\n",
       "      <td>16.49242</td>\n",
       "      <td>34.75916</td>\n",
       "      <td>18.70182</td>\n",
       "      <td>48.79656</td>\n",
       "      <td>48.607418</td>\n",
       "      <td>7.22</td>\n",
       "      <td>26.01020</td>\n",
       "    </tr>\n",
       "    <tr>\n",
       "      <th>119</th>\n",
       "      <td>2010-01-02</td>\n",
       "      <td>32.18049</td>\n",
       "      <td>27.210964</td>\n",
       "      <td>47.32683</td>\n",
       "      <td>15.06965</td>\n",
       "      <td>32.59981</td>\n",
       "      <td>18.86763</td>\n",
       "      <td>47.04716</td>\n",
       "      <td>46.610661</td>\n",
       "      <td>7.74</td>\n",
       "      <td>24.52391</td>\n",
       "    </tr>\n",
       "    <tr>\n",
       "      <th>120</th>\n",
       "      <td>2010-01-01</td>\n",
       "      <td>33.00171</td>\n",
       "      <td>25.738926</td>\n",
       "      <td>44.57896</td>\n",
       "      <td>14.24019</td>\n",
       "      <td>30.20998</td>\n",
       "      <td>17.56971</td>\n",
       "      <td>46.63460</td>\n",
       "      <td>46.507072</td>\n",
       "      <td>8.63</td>\n",
       "      <td>24.36203</td>\n",
       "    </tr>\n",
       "  </tbody>\n",
       "</table>\n",
       "<p>121 rows × 11 columns</p>\n",
       "</div>"
      ],
      "text/plain": [
       "      d/m/yyyy        ACN         DIS       COST      INTC        JPM  \\\n",
       "0   2020-01-01  208.34000  138.309998  313.26000  60.55000  135.96710   \n",
       "1   2019-01-12  209.75910  143.768646  293.92000  59.85000  138.51080   \n",
       "2   2019-01-11  200.38530  150.677261  299.81000  57.73226  130.91950   \n",
       "3   2019-01-10  183.91570  129.146255  296.46590  56.22058  123.13670   \n",
       "4   2019-01-09  190.78950  129.543869  287.48540  51.24795  116.00990   \n",
       "..         ...        ...         ...        ...       ...        ...   \n",
       "116 2010-01-05   30.47308   29.109810   45.35439  15.84870   30.77780   \n",
       "117 2010-01-04   35.13525   32.088741   46.00065  16.89936   33.07363   \n",
       "118 2010-01-03   33.77461   30.407646   46.49117  16.49242   34.75916   \n",
       "119 2010-01-02   32.18049   27.210964   47.32683  15.06965   32.59981   \n",
       "120 2010-01-01   33.00171   25.738926   44.57896  14.24019   30.20998   \n",
       "\n",
       "             V       XOM         JNJ    BSX       CPB  \n",
       "0    207.90000  67.58000  148.869995  44.07  48.20964  \n",
       "1    207.29000  69.78000  145.869995  45.22  49.06343  \n",
       "2    187.90000  67.31815  136.543991  43.25  46.23400  \n",
       "3    184.20150  66.76482  131.131485  41.70  46.39054  \n",
       "4    175.86540  69.76860  128.489792  40.69  46.23288  \n",
       "..         ...       ...         ...    ...       ...  \n",
       "116   14.75188  44.04658   43.463390   6.05  26.55361  \n",
       "117   15.01866  49.37209   47.936466   6.88  26.59069  \n",
       "118   18.70182  48.79656   48.607418   7.22  26.01020  \n",
       "119   18.86763  47.04716   46.610661   7.74  24.52391  \n",
       "120   17.56971  46.63460   46.507072   8.63  24.36203  \n",
       "\n",
       "[121 rows x 11 columns]"
      ]
     },
     "execution_count": 3,
     "metadata": {},
     "output_type": "execute_result"
    }
   ],
   "source": [
    "main_df = pd.read_excel('QF_data.xlsx')\n",
    "main_df"
   ]
  },
  {
   "cell_type": "code",
   "execution_count": 4,
   "metadata": {},
   "outputs": [],
   "source": [
    "main_df=main_df.sort_values(by=['d/m/yyyy'])"
   ]
  },
  {
   "cell_type": "code",
   "execution_count": 5,
   "metadata": {},
   "outputs": [
    {
     "data": {
      "text/html": [
       "<div>\n",
       "<style scoped>\n",
       "    .dataframe tbody tr th:only-of-type {\n",
       "        vertical-align: middle;\n",
       "    }\n",
       "\n",
       "    .dataframe tbody tr th {\n",
       "        vertical-align: top;\n",
       "    }\n",
       "\n",
       "    .dataframe thead th {\n",
       "        text-align: right;\n",
       "    }\n",
       "</style>\n",
       "<table border=\"1\" class=\"dataframe\">\n",
       "  <thead>\n",
       "    <tr style=\"text-align: right;\">\n",
       "      <th></th>\n",
       "      <th>d/m/yyyy</th>\n",
       "      <th>ACN</th>\n",
       "      <th>DIS</th>\n",
       "      <th>COST</th>\n",
       "      <th>INTC</th>\n",
       "      <th>JPM</th>\n",
       "      <th>V</th>\n",
       "      <th>XOM</th>\n",
       "      <th>JNJ</th>\n",
       "      <th>BSX</th>\n",
       "      <th>CPB</th>\n",
       "    </tr>\n",
       "  </thead>\n",
       "  <tbody>\n",
       "    <tr>\n",
       "      <th>120</th>\n",
       "      <td>2010-01-01</td>\n",
       "      <td>33.00171</td>\n",
       "      <td>25.738926</td>\n",
       "      <td>44.57896</td>\n",
       "      <td>14.24019</td>\n",
       "      <td>30.20998</td>\n",
       "      <td>17.56971</td>\n",
       "      <td>46.63460</td>\n",
       "      <td>46.507072</td>\n",
       "      <td>8.63</td>\n",
       "      <td>24.36203</td>\n",
       "    </tr>\n",
       "    <tr>\n",
       "      <th>119</th>\n",
       "      <td>2010-01-02</td>\n",
       "      <td>32.18049</td>\n",
       "      <td>27.210964</td>\n",
       "      <td>47.32683</td>\n",
       "      <td>15.06965</td>\n",
       "      <td>32.59981</td>\n",
       "      <td>18.86763</td>\n",
       "      <td>47.04716</td>\n",
       "      <td>46.610661</td>\n",
       "      <td>7.74</td>\n",
       "      <td>24.52391</td>\n",
       "    </tr>\n",
       "    <tr>\n",
       "      <th>118</th>\n",
       "      <td>2010-01-03</td>\n",
       "      <td>33.77461</td>\n",
       "      <td>30.407646</td>\n",
       "      <td>46.49117</td>\n",
       "      <td>16.49242</td>\n",
       "      <td>34.75916</td>\n",
       "      <td>18.70182</td>\n",
       "      <td>48.79656</td>\n",
       "      <td>48.607418</td>\n",
       "      <td>7.22</td>\n",
       "      <td>26.01020</td>\n",
       "    </tr>\n",
       "    <tr>\n",
       "      <th>117</th>\n",
       "      <td>2010-01-04</td>\n",
       "      <td>35.13525</td>\n",
       "      <td>32.088741</td>\n",
       "      <td>46.00065</td>\n",
       "      <td>16.89936</td>\n",
       "      <td>33.07363</td>\n",
       "      <td>15.01866</td>\n",
       "      <td>49.37209</td>\n",
       "      <td>47.936466</td>\n",
       "      <td>6.88</td>\n",
       "      <td>26.59069</td>\n",
       "    </tr>\n",
       "    <tr>\n",
       "      <th>116</th>\n",
       "      <td>2010-01-05</td>\n",
       "      <td>30.47308</td>\n",
       "      <td>29.109810</td>\n",
       "      <td>45.35439</td>\n",
       "      <td>15.84870</td>\n",
       "      <td>30.77780</td>\n",
       "      <td>14.75188</td>\n",
       "      <td>44.04658</td>\n",
       "      <td>43.463390</td>\n",
       "      <td>6.05</td>\n",
       "      <td>26.55361</td>\n",
       "    </tr>\n",
       "    <tr>\n",
       "      <th>...</th>\n",
       "      <td>...</td>\n",
       "      <td>...</td>\n",
       "      <td>...</td>\n",
       "      <td>...</td>\n",
       "      <td>...</td>\n",
       "      <td>...</td>\n",
       "      <td>...</td>\n",
       "      <td>...</td>\n",
       "      <td>...</td>\n",
       "      <td>...</td>\n",
       "      <td>...</td>\n",
       "    </tr>\n",
       "    <tr>\n",
       "      <th>4</th>\n",
       "      <td>2019-01-09</td>\n",
       "      <td>190.78950</td>\n",
       "      <td>129.543869</td>\n",
       "      <td>287.48540</td>\n",
       "      <td>51.24795</td>\n",
       "      <td>116.00990</td>\n",
       "      <td>175.86540</td>\n",
       "      <td>69.76860</td>\n",
       "      <td>128.489792</td>\n",
       "      <td>40.69</td>\n",
       "      <td>46.23288</td>\n",
       "    </tr>\n",
       "    <tr>\n",
       "      <th>3</th>\n",
       "      <td>2019-01-10</td>\n",
       "      <td>183.91570</td>\n",
       "      <td>129.146255</td>\n",
       "      <td>296.46590</td>\n",
       "      <td>56.22058</td>\n",
       "      <td>123.13670</td>\n",
       "      <td>184.20150</td>\n",
       "      <td>66.76482</td>\n",
       "      <td>131.131485</td>\n",
       "      <td>41.70</td>\n",
       "      <td>46.39054</td>\n",
       "    </tr>\n",
       "    <tr>\n",
       "      <th>2</th>\n",
       "      <td>2019-01-11</td>\n",
       "      <td>200.38530</td>\n",
       "      <td>150.677261</td>\n",
       "      <td>299.81000</td>\n",
       "      <td>57.73226</td>\n",
       "      <td>130.91950</td>\n",
       "      <td>187.90000</td>\n",
       "      <td>67.31815</td>\n",
       "      <td>136.543991</td>\n",
       "      <td>43.25</td>\n",
       "      <td>46.23400</td>\n",
       "    </tr>\n",
       "    <tr>\n",
       "      <th>1</th>\n",
       "      <td>2019-01-12</td>\n",
       "      <td>209.75910</td>\n",
       "      <td>143.768646</td>\n",
       "      <td>293.92000</td>\n",
       "      <td>59.85000</td>\n",
       "      <td>138.51080</td>\n",
       "      <td>207.29000</td>\n",
       "      <td>69.78000</td>\n",
       "      <td>145.869995</td>\n",
       "      <td>45.22</td>\n",
       "      <td>49.06343</td>\n",
       "    </tr>\n",
       "    <tr>\n",
       "      <th>0</th>\n",
       "      <td>2020-01-01</td>\n",
       "      <td>208.34000</td>\n",
       "      <td>138.309998</td>\n",
       "      <td>313.26000</td>\n",
       "      <td>60.55000</td>\n",
       "      <td>135.96710</td>\n",
       "      <td>207.90000</td>\n",
       "      <td>67.58000</td>\n",
       "      <td>148.869995</td>\n",
       "      <td>44.07</td>\n",
       "      <td>48.20964</td>\n",
       "    </tr>\n",
       "  </tbody>\n",
       "</table>\n",
       "<p>121 rows × 11 columns</p>\n",
       "</div>"
      ],
      "text/plain": [
       "      d/m/yyyy        ACN         DIS       COST      INTC        JPM  \\\n",
       "120 2010-01-01   33.00171   25.738926   44.57896  14.24019   30.20998   \n",
       "119 2010-01-02   32.18049   27.210964   47.32683  15.06965   32.59981   \n",
       "118 2010-01-03   33.77461   30.407646   46.49117  16.49242   34.75916   \n",
       "117 2010-01-04   35.13525   32.088741   46.00065  16.89936   33.07363   \n",
       "116 2010-01-05   30.47308   29.109810   45.35439  15.84870   30.77780   \n",
       "..         ...        ...         ...        ...       ...        ...   \n",
       "4   2019-01-09  190.78950  129.543869  287.48540  51.24795  116.00990   \n",
       "3   2019-01-10  183.91570  129.146255  296.46590  56.22058  123.13670   \n",
       "2   2019-01-11  200.38530  150.677261  299.81000  57.73226  130.91950   \n",
       "1   2019-01-12  209.75910  143.768646  293.92000  59.85000  138.51080   \n",
       "0   2020-01-01  208.34000  138.309998  313.26000  60.55000  135.96710   \n",
       "\n",
       "             V       XOM         JNJ    BSX       CPB  \n",
       "120   17.56971  46.63460   46.507072   8.63  24.36203  \n",
       "119   18.86763  47.04716   46.610661   7.74  24.52391  \n",
       "118   18.70182  48.79656   48.607418   7.22  26.01020  \n",
       "117   15.01866  49.37209   47.936466   6.88  26.59069  \n",
       "116   14.75188  44.04658   43.463390   6.05  26.55361  \n",
       "..         ...       ...         ...    ...       ...  \n",
       "4    175.86540  69.76860  128.489792  40.69  46.23288  \n",
       "3    184.20150  66.76482  131.131485  41.70  46.39054  \n",
       "2    187.90000  67.31815  136.543991  43.25  46.23400  \n",
       "1    207.29000  69.78000  145.869995  45.22  49.06343  \n",
       "0    207.90000  67.58000  148.869995  44.07  48.20964  \n",
       "\n",
       "[121 rows x 11 columns]"
      ]
     },
     "execution_count": 5,
     "metadata": {},
     "output_type": "execute_result"
    }
   ],
   "source": [
    "main_df"
   ]
  },
  {
   "cell_type": "code",
   "execution_count": 6,
   "metadata": {},
   "outputs": [],
   "source": [
    "# Check for NULL values \n",
    "# Return list of assets with NULL values\n",
    "\n",
    "to_impute = main_df.columns[main_df.isna().any()].tolist()"
   ]
  },
  {
   "cell_type": "code",
   "execution_count": 7,
   "metadata": {},
   "outputs": [],
   "source": [
    "# inputting mean for any missing data just in case (data cleaning)\n",
    "def impute(df, col, method):\n",
    "    if method == \"mean\": # impute missing values with column mean\n",
    "        df[col].fillna(value = df[col].mean(), inplace=True)\n",
    "    elif method == \"zero\": # impute missing values with zero\n",
    "        df[col].fillna(value = 0, inplace=True)\n",
    "    else: # in this case, method will be the name of the asset to be substituted with\n",
    "        df[col].fillna(value = df[method], inplace=True)\n",
    "        # substitute values with the performance of related asset at specific timestep\n",
    "    return df\n",
    "    \n",
    "for col in to_impute:\n",
    "    main_df = impute(main_df, col, \"mean\")\n",
    "    \n",
    "main_df=main_df.set_index(\"d/m/yyyy\")"
   ]
  },
  {
   "cell_type": "code",
   "execution_count": 8,
   "metadata": {},
   "outputs": [],
   "source": [
    "main_df = main_df.pct_change().dropna()"
   ]
  },
  {
   "cell_type": "code",
   "execution_count": 9,
   "metadata": {},
   "outputs": [
    {
     "data": {
      "text/html": [
       "<div>\n",
       "<style scoped>\n",
       "    .dataframe tbody tr th:only-of-type {\n",
       "        vertical-align: middle;\n",
       "    }\n",
       "\n",
       "    .dataframe tbody tr th {\n",
       "        vertical-align: top;\n",
       "    }\n",
       "\n",
       "    .dataframe thead th {\n",
       "        text-align: right;\n",
       "    }\n",
       "</style>\n",
       "<table border=\"1\" class=\"dataframe\">\n",
       "  <thead>\n",
       "    <tr style=\"text-align: right;\">\n",
       "      <th></th>\n",
       "      <th>ACN</th>\n",
       "      <th>DIS</th>\n",
       "      <th>COST</th>\n",
       "      <th>INTC</th>\n",
       "      <th>JPM</th>\n",
       "      <th>V</th>\n",
       "      <th>XOM</th>\n",
       "      <th>JNJ</th>\n",
       "      <th>BSX</th>\n",
       "      <th>CPB</th>\n",
       "    </tr>\n",
       "    <tr>\n",
       "      <th>d/m/yyyy</th>\n",
       "      <th></th>\n",
       "      <th></th>\n",
       "      <th></th>\n",
       "      <th></th>\n",
       "      <th></th>\n",
       "      <th></th>\n",
       "      <th></th>\n",
       "      <th></th>\n",
       "      <th></th>\n",
       "      <th></th>\n",
       "    </tr>\n",
       "  </thead>\n",
       "  <tbody>\n",
       "    <tr>\n",
       "      <th>2010-01-02</th>\n",
       "      <td>-0.024884</td>\n",
       "      <td>0.057191</td>\n",
       "      <td>0.061641</td>\n",
       "      <td>0.058248</td>\n",
       "      <td>0.079107</td>\n",
       "      <td>0.073873</td>\n",
       "      <td>0.008847</td>\n",
       "      <td>0.002227</td>\n",
       "      <td>-0.103129</td>\n",
       "      <td>0.006645</td>\n",
       "    </tr>\n",
       "    <tr>\n",
       "      <th>2010-01-03</th>\n",
       "      <td>0.049537</td>\n",
       "      <td>0.117478</td>\n",
       "      <td>-0.017657</td>\n",
       "      <td>0.094413</td>\n",
       "      <td>0.066238</td>\n",
       "      <td>-0.008788</td>\n",
       "      <td>0.037184</td>\n",
       "      <td>0.042839</td>\n",
       "      <td>-0.067183</td>\n",
       "      <td>0.060606</td>\n",
       "    </tr>\n",
       "    <tr>\n",
       "      <th>2010-01-04</th>\n",
       "      <td>0.040286</td>\n",
       "      <td>0.055285</td>\n",
       "      <td>-0.010551</td>\n",
       "      <td>0.024674</td>\n",
       "      <td>-0.048492</td>\n",
       "      <td>-0.196941</td>\n",
       "      <td>0.011794</td>\n",
       "      <td>-0.013803</td>\n",
       "      <td>-0.047091</td>\n",
       "      <td>0.022318</td>\n",
       "    </tr>\n",
       "    <tr>\n",
       "      <th>2010-01-05</th>\n",
       "      <td>-0.132692</td>\n",
       "      <td>-0.092834</td>\n",
       "      <td>-0.014049</td>\n",
       "      <td>-0.062172</td>\n",
       "      <td>-0.069416</td>\n",
       "      <td>-0.017763</td>\n",
       "      <td>-0.107865</td>\n",
       "      <td>-0.093313</td>\n",
       "      <td>-0.120640</td>\n",
       "      <td>-0.001394</td>\n",
       "    </tr>\n",
       "    <tr>\n",
       "      <th>2010-01-06</th>\n",
       "      <td>0.030117</td>\n",
       "      <td>-0.057451</td>\n",
       "      <td>-0.055479</td>\n",
       "      <td>-0.085566</td>\n",
       "      <td>-0.075038</td>\n",
       "      <td>0.036749</td>\n",
       "      <td>-0.049660</td>\n",
       "      <td>0.022289</td>\n",
       "      <td>-0.041322</td>\n",
       "      <td>0.000558</td>\n",
       "    </tr>\n",
       "    <tr>\n",
       "      <th>...</th>\n",
       "      <td>...</td>\n",
       "      <td>...</td>\n",
       "      <td>...</td>\n",
       "      <td>...</td>\n",
       "      <td>...</td>\n",
       "      <td>...</td>\n",
       "      <td>...</td>\n",
       "      <td>...</td>\n",
       "      <td>...</td>\n",
       "      <td>...</td>\n",
       "    </tr>\n",
       "    <tr>\n",
       "      <th>2019-01-09</th>\n",
       "      <td>-0.029369</td>\n",
       "      <td>-0.050561</td>\n",
       "      <td>-0.020399</td>\n",
       "      <td>0.094240</td>\n",
       "      <td>0.071272</td>\n",
       "      <td>0.024126</td>\n",
       "      <td>0.043925</td>\n",
       "      <td>0.015499</td>\n",
       "      <td>-0.047742</td>\n",
       "      <td>0.042667</td>\n",
       "    </tr>\n",
       "    <tr>\n",
       "      <th>2019-01-10</th>\n",
       "      <td>-0.036028</td>\n",
       "      <td>-0.003069</td>\n",
       "      <td>0.031238</td>\n",
       "      <td>0.097031</td>\n",
       "      <td>0.061433</td>\n",
       "      <td>0.047400</td>\n",
       "      <td>-0.043053</td>\n",
       "      <td>0.020560</td>\n",
       "      <td>0.024822</td>\n",
       "      <td>0.003410</td>\n",
       "    </tr>\n",
       "    <tr>\n",
       "      <th>2019-01-11</th>\n",
       "      <td>0.089550</td>\n",
       "      <td>0.166718</td>\n",
       "      <td>0.011280</td>\n",
       "      <td>0.026888</td>\n",
       "      <td>0.063205</td>\n",
       "      <td>0.020079</td>\n",
       "      <td>0.008288</td>\n",
       "      <td>0.041275</td>\n",
       "      <td>0.037170</td>\n",
       "      <td>-0.003374</td>\n",
       "    </tr>\n",
       "    <tr>\n",
       "      <th>2019-01-12</th>\n",
       "      <td>0.046779</td>\n",
       "      <td>-0.045850</td>\n",
       "      <td>-0.019646</td>\n",
       "      <td>0.036682</td>\n",
       "      <td>0.057984</td>\n",
       "      <td>0.103193</td>\n",
       "      <td>0.036570</td>\n",
       "      <td>0.068300</td>\n",
       "      <td>0.045549</td>\n",
       "      <td>0.061198</td>\n",
       "    </tr>\n",
       "    <tr>\n",
       "      <th>2020-01-01</th>\n",
       "      <td>-0.006765</td>\n",
       "      <td>-0.037968</td>\n",
       "      <td>0.065800</td>\n",
       "      <td>0.011696</td>\n",
       "      <td>-0.018365</td>\n",
       "      <td>0.002943</td>\n",
       "      <td>-0.031528</td>\n",
       "      <td>0.020566</td>\n",
       "      <td>-0.025431</td>\n",
       "      <td>-0.017402</td>\n",
       "    </tr>\n",
       "  </tbody>\n",
       "</table>\n",
       "<p>120 rows × 10 columns</p>\n",
       "</div>"
      ],
      "text/plain": [
       "                 ACN       DIS      COST      INTC       JPM         V  \\\n",
       "d/m/yyyy                                                                 \n",
       "2010-01-02 -0.024884  0.057191  0.061641  0.058248  0.079107  0.073873   \n",
       "2010-01-03  0.049537  0.117478 -0.017657  0.094413  0.066238 -0.008788   \n",
       "2010-01-04  0.040286  0.055285 -0.010551  0.024674 -0.048492 -0.196941   \n",
       "2010-01-05 -0.132692 -0.092834 -0.014049 -0.062172 -0.069416 -0.017763   \n",
       "2010-01-06  0.030117 -0.057451 -0.055479 -0.085566 -0.075038  0.036749   \n",
       "...              ...       ...       ...       ...       ...       ...   \n",
       "2019-01-09 -0.029369 -0.050561 -0.020399  0.094240  0.071272  0.024126   \n",
       "2019-01-10 -0.036028 -0.003069  0.031238  0.097031  0.061433  0.047400   \n",
       "2019-01-11  0.089550  0.166718  0.011280  0.026888  0.063205  0.020079   \n",
       "2019-01-12  0.046779 -0.045850 -0.019646  0.036682  0.057984  0.103193   \n",
       "2020-01-01 -0.006765 -0.037968  0.065800  0.011696 -0.018365  0.002943   \n",
       "\n",
       "                 XOM       JNJ       BSX       CPB  \n",
       "d/m/yyyy                                            \n",
       "2010-01-02  0.008847  0.002227 -0.103129  0.006645  \n",
       "2010-01-03  0.037184  0.042839 -0.067183  0.060606  \n",
       "2010-01-04  0.011794 -0.013803 -0.047091  0.022318  \n",
       "2010-01-05 -0.107865 -0.093313 -0.120640 -0.001394  \n",
       "2010-01-06 -0.049660  0.022289 -0.041322  0.000558  \n",
       "...              ...       ...       ...       ...  \n",
       "2019-01-09  0.043925  0.015499 -0.047742  0.042667  \n",
       "2019-01-10 -0.043053  0.020560  0.024822  0.003410  \n",
       "2019-01-11  0.008288  0.041275  0.037170 -0.003374  \n",
       "2019-01-12  0.036570  0.068300  0.045549  0.061198  \n",
       "2020-01-01 -0.031528  0.020566 -0.025431 -0.017402  \n",
       "\n",
       "[120 rows x 10 columns]"
      ]
     },
     "execution_count": 9,
     "metadata": {},
     "output_type": "execute_result"
    }
   ],
   "source": [
    "main_df"
   ]
  },
  {
   "cell_type": "code",
   "execution_count": 10,
   "metadata": {},
   "outputs": [
    {
     "data": {
      "text/plain": [
       "ACN     0.016999\n",
       "DIS     0.015776\n",
       "COST    0.017468\n",
       "INTC    0.014131\n",
       "JPM     0.014976\n",
       "V       0.022062\n",
       "XOM     0.004327\n",
       "JNJ     0.010557\n",
       "BSX     0.016247\n",
       "CPB     0.007314\n",
       "dtype: float64"
      ]
     },
     "execution_count": 10,
     "metadata": {},
     "output_type": "execute_result"
    }
   ],
   "source": [
    "main_df.mean()"
   ]
  },
  {
   "cell_type": "markdown",
   "metadata": {},
   "source": [
    "***Randomised Portfolio Generation***"
   ]
  },
  {
   "cell_type": "markdown",
   "metadata": {},
   "source": [
    "To calculate the real risk-free rate, subtract the current inflation rate from the yield of the Treasury bond that matches your investment duration. If, for example, the 10-year Treasury bond yields 2%, investors would consider 2% to be the risk-free rate of return."
   ]
  },
  {
   "cell_type": "markdown",
   "metadata": {},
   "source": [
    "The standard deviation of a two-asset portfolio is calculated by squaring the weight of the first asset and multiplying it by the variance of the first asset, added to the square of the weight of the second asset, multiplied by the variance of the second asset."
   ]
  },
  {
   "cell_type": "code",
   "execution_count": 53,
   "metadata": {},
   "outputs": [],
   "source": [
    "# Define function to calculate returns, volatility\n",
    "def portfolio_annualised_performance(weights, mean_returns, cov_matrix):\n",
    "    # calculates portfolio performance and volatility\n",
    "    \n",
    "    # sum of all equities' mean * weighted average for a given portfolio for annual returns\n",
    "    returns = np.sum(mean_returns*weights) * 252\n",
    "    \n",
    "    # Standard deviation of portfolio (using dot product against covariance, weights)\n",
    "    # 252 trading days\n",
    "    \n",
    "    # The standard deviation of a two-asset portfolio is calculated by squaring the weight of the first asset \n",
    "    # and multiplying it by the variance of the first asset, added to the square of the weight of the second asset, \n",
    "    # multiplied by the variance of the second asset.\n",
    "    \n",
    "\n",
    "    # 1. Multiply covariance matrix with weights \n",
    "    #std = np.sqrt(np.dot(weights.T, np.dot(cov_matrix, weights))) * np.sqrt(252)\n",
    "    std=np.sqrt(sum(np.dot(cov_matrix, weights)))* np.sqrt(252)\n",
    "    return std, returns\n",
    "  \n"
   ]
  },
  {
   "cell_type": "code",
   "execution_count": 54,
   "metadata": {},
   "outputs": [],
   "source": [
    "def random_portfolios(num_portfolios, mean_returns, cov_matrix, risk_free_rate):\n",
    "    # generates portfolios with randomised weights\n",
    "    # Initialize array of shape 3 x N to store our results, for 1. portfolio std dev 2. return 3. sharpe ratio\n",
    "    # where N is the number of portfolios we're going to simulate\n",
    "    results = np.zeros((3,num_portfolios))\n",
    "    # Array to store the weights of each equity\n",
    "    weights_record = []\n",
    "    for i in range(num_portfolios):\n",
    "        #Randomly assign floats to our all the equities\n",
    "        \n",
    "        #numpy.random.random() is one of the function for doing random sampling in numpy. \n",
    "        #It returns an array of specified shape and fills it with random floats in the half-open interval [0.0, 1.0)\n",
    "        weights = np.random.random(len(mean_returns))\n",
    "        # Normalize/convert to all to the scale of 0 to 1. (out of 100%)\n",
    "        weights /= np.sum(weights)\n",
    "        # Append each possible alloaction into the list\n",
    "        weights_record.append(weights)\n",
    "        \n",
    "        # Pull the standard deviation, returns from our function above using \n",
    "        # the weights, mean returns generated in this function\n",
    "        portfolio_std_dev, portfolio_return = portfolio_annualised_performance(weights, mean_returns, cov_matrix)\n",
    "        \n",
    "        # Store output\n",
    "        results[0,i] = portfolio_std_dev\n",
    "        results[1,i] = portfolio_return\n",
    "        # Sharpe ratio\n",
    "        results[2,i] = (portfolio_return - risk_free_rate) / portfolio_std_dev\n",
    "    return results, weights_record\n",
    "\n"
   ]
  },
  {
   "cell_type": "code",
   "execution_count": 55,
   "metadata": {},
   "outputs": [],
   "source": [
    "# Sharpe Ratio: how much excess return received for the extra volatility endured for holding a riskier asset\n",
    "# Limitation: assumption of normal distribution of the asset returns\n",
    "# 52 -> 52 weeks in a year."
   ]
  },
  {
   "cell_type": "code",
   "execution_count": 56,
   "metadata": {},
   "outputs": [],
   "source": [
    "def simulate_ef_random(mean_returns, cov_matrix, num_portfolios, risk_free_rate):\n",
    "    \n",
    "    #obtain results of all possible portfolios' std dev & return, and each asset's weights \n",
    "    results, weights = random_portfolios(num_portfolios,mean_returns, cov_matrix, risk_free_rate)\n",
    "    \n",
    "    #obtain list of asset names\n",
    "    asset_names = mean_returns.index.tolist()\n",
    "    \n",
    "    # returns position/index of the max portfolio Sharpe ratio \n",
    "    max_sharpe_idx = np.argmax(results[2])\n",
    "\n",
    "    # obtain the associated standard deviation, annualized return w the index of the maximum sharpe ratio\n",
    "    sdp, rp = results[0,max_sharpe_idx], results[1,max_sharpe_idx]\n",
    "    \n",
    "    # to obtain the allocation of the portfolio associated with max Sharpe ratio\n",
    "    # 1. get the portfolio from the weights array w the index of the max sharpe ratio\n",
    "    # 2. assign the asset_names as index\n",
    "    # 3. left with one column and name it allocation\n",
    "    max_sharpe_allocation = pd.DataFrame(weights[max_sharpe_idx],index=asset_names,columns=['allocation'])\n",
    "    \n",
    "    # since the allocation is on the scale from 0-1, *100 to get percentage\n",
    "    max_sharpe_allocation.allocation = [round(i*100,2)for i in max_sharpe_allocation.allocation]\n",
    "    \n",
    "    #transpose the table so that the assets become headers\n",
    "    max_sharpe_allocation = max_sharpe_allocation.T\n",
    "    \n",
    "    # obtain portfolio index with the min volatility - standard deviation \n",
    "    min_vol_idx = np.argmin(results[0])\n",
    "    # obtain the associated standard deviation, annualized return w the index of the min volatility\n",
    "    sdp_min, rp_min = results[0,min_vol_idx], results[1,min_vol_idx]\n",
    "    min_vol_allocation = pd.DataFrame(weights[min_vol_idx],index=asset_names,columns=['allocation'])\n",
    "    min_vol_allocation.allocation = [round(i*100,2)for i in min_vol_allocation.allocation]\n",
    "    min_vol_allocation = min_vol_allocation.T\n",
    "    \n",
    "    msr = results[2][max_sharpe_idx]\n",
    "    print(\"Maximum Sharpe Ratio:\", round(msr,2))\n",
    "\n",
    "    print(\"-\"*80)\n",
    "    print(\"Maximum Sharpe Ratio Portfolio Allocation\\n\")\n",
    "    print(\"Annualised Return:\", round(rp,2))\n",
    "    print(\"Annualised Volatility:\", round(sdp,2))\n",
    "    print(\"\\n\")\n",
    "    print(max_sharpe_allocation)\n",
    "    print(\"-\"*80)\n",
    "    print(\"Minimum Volatility Portfolio Allocation\\n\")\n",
    "    print(\"Annualised Return:\", round(rp_min,2))\n",
    "    print(\"Annualised Volatility:\", round(sdp_min,2))\n",
    "    print(\"\\n\")\n",
    "    print(min_vol_allocation)\n",
    "    \n",
    "    plt.figure(figsize=(10, 7))\n",
    "    \n",
    "    # x = volatility, y = annualized return, color mapping = sharpe ratio\n",
    "    plt.scatter(results[0,:],results[1,:],c=results[2,:],cmap='YlGnBu', marker='o', s=10, alpha=0.3)\n",
    "    plt.colorbar()\n",
    "    plt.scatter(sdp,rp,marker='*',color='r',s=500, label='Maximum Sharpe ratio')\n",
    "    plt.scatter(sdp_min,rp_min,marker='*',color='g',s=500, label='Minimum volatility')\n",
    "    plt.title('Simulated Portfolio Optimization based on Efficient Frontier')\n",
    "    plt.xlabel('annualised volatility')\n",
    "    plt.ylabel('annualised returns')\n",
    "    plt.legend(labelspacing=0.8)"
   ]
  },
  {
   "cell_type": "code",
   "execution_count": 57,
   "metadata": {},
   "outputs": [
    {
     "data": {
      "text/plain": [
       "ACN     0.016999\n",
       "DIS     0.015776\n",
       "COST    0.017468\n",
       "INTC    0.014131\n",
       "JPM     0.014976\n",
       "V       0.022062\n",
       "XOM     0.004327\n",
       "JNJ     0.010557\n",
       "BSX     0.016247\n",
       "CPB     0.007314\n",
       "dtype: float64"
      ]
     },
     "execution_count": 57,
     "metadata": {},
     "output_type": "execute_result"
    }
   ],
   "source": [
    "mean_returns = main_df.mean()\n",
    "mean_returns"
   ]
  },
  {
   "cell_type": "code",
   "execution_count": 58,
   "metadata": {},
   "outputs": [
    {
     "data": {
      "text/html": [
       "<div>\n",
       "<style scoped>\n",
       "    .dataframe tbody tr th:only-of-type {\n",
       "        vertical-align: middle;\n",
       "    }\n",
       "\n",
       "    .dataframe tbody tr th {\n",
       "        vertical-align: top;\n",
       "    }\n",
       "\n",
       "    .dataframe thead th {\n",
       "        text-align: right;\n",
       "    }\n",
       "</style>\n",
       "<table border=\"1\" class=\"dataframe\">\n",
       "  <thead>\n",
       "    <tr style=\"text-align: right;\">\n",
       "      <th></th>\n",
       "      <th>ACN</th>\n",
       "      <th>DIS</th>\n",
       "      <th>COST</th>\n",
       "      <th>INTC</th>\n",
       "      <th>JPM</th>\n",
       "      <th>V</th>\n",
       "      <th>XOM</th>\n",
       "      <th>JNJ</th>\n",
       "      <th>BSX</th>\n",
       "      <th>CPB</th>\n",
       "    </tr>\n",
       "  </thead>\n",
       "  <tbody>\n",
       "    <tr>\n",
       "      <th>ACN</th>\n",
       "      <td>0.003081</td>\n",
       "      <td>0.001391</td>\n",
       "      <td>0.001127</td>\n",
       "      <td>0.001267</td>\n",
       "      <td>0.001920</td>\n",
       "      <td>-0.000047</td>\n",
       "      <td>0.001242</td>\n",
       "      <td>0.000793</td>\n",
       "      <td>0.001441</td>\n",
       "      <td>0.000570</td>\n",
       "    </tr>\n",
       "    <tr>\n",
       "      <th>DIS</th>\n",
       "      <td>0.001391</td>\n",
       "      <td>0.003443</td>\n",
       "      <td>0.000754</td>\n",
       "      <td>0.000864</td>\n",
       "      <td>0.002147</td>\n",
       "      <td>-0.000213</td>\n",
       "      <td>0.001331</td>\n",
       "      <td>0.000697</td>\n",
       "      <td>0.000972</td>\n",
       "      <td>0.000757</td>\n",
       "    </tr>\n",
       "    <tr>\n",
       "      <th>COST</th>\n",
       "      <td>0.001127</td>\n",
       "      <td>0.000754</td>\n",
       "      <td>0.002236</td>\n",
       "      <td>0.000720</td>\n",
       "      <td>0.000708</td>\n",
       "      <td>0.000114</td>\n",
       "      <td>0.000732</td>\n",
       "      <td>0.000808</td>\n",
       "      <td>0.000975</td>\n",
       "      <td>0.000822</td>\n",
       "    </tr>\n",
       "    <tr>\n",
       "      <th>INTC</th>\n",
       "      <td>0.001267</td>\n",
       "      <td>0.000864</td>\n",
       "      <td>0.000720</td>\n",
       "      <td>0.004060</td>\n",
       "      <td>0.001421</td>\n",
       "      <td>-0.000124</td>\n",
       "      <td>0.001335</td>\n",
       "      <td>0.000832</td>\n",
       "      <td>0.000452</td>\n",
       "      <td>0.000159</td>\n",
       "    </tr>\n",
       "    <tr>\n",
       "      <th>JPM</th>\n",
       "      <td>0.001920</td>\n",
       "      <td>0.002147</td>\n",
       "      <td>0.000708</td>\n",
       "      <td>0.001421</td>\n",
       "      <td>0.004701</td>\n",
       "      <td>-0.000102</td>\n",
       "      <td>0.001546</td>\n",
       "      <td>0.000931</td>\n",
